0 0.131250 0.202344 0.065625 0.076563
0 0.207031 0.255469 0.067187 0.073438
0 0.300000 0.220312 0.062500 0.068750
0 0.375781 0.242969 0.064062 0.064062
0 0.485156 0.249219 0.064062 0.064062
0 0.596094 0.303906 0.064062 0.060937
0 0.725781 0.235937 0.064062 0.062500
0 0.819531 0.249219 0.089063 0.070312
1 0.121875 0.400000 0.115625 0.250000
1 0.217188 0.471875 0.128125 0.256250
1 0.377344 0.447656 0.101562 0.245312
1 0.493750 0.438281 0.112500 0.223438
1 0.610156 0.506250 0.110937 0.246875
1 0.835156 0.457031 0.154688 0.260937
