0 0.112000 0.390667 0.096000 0.064000
0 0.544000 0.590000 0.090667 0.062667
0 0.427333 0.461333 0.086667 0.066667
0 0.289333 0.384667 0.093333 0.057333
0 0.765333 0.380000 0.106667 0.064000
0 0.900000 0.340000 0.096000 0.072000
0 0.479333 0.332000 0.070667 0.053333
0 0.308000 0.321333 0.072000 0.053333
0 0.384667 0.324000 0.076000 0.058667
0 0.574667 0.344667 0.082667 0.060000
0 0.709333 0.305333 0.080000 0.074667
1 0.107333 0.589333 0.166667 0.245333
1 0.904000 0.532667 0.146667 0.252000
1 0.672000 0.520000 0.136000 0.208000
1 0.427333 0.634000 0.121333 0.188000
1 0.776667 0.553333 0.124000 0.237333
