1 0.107488 0.657016 0.095813 0.173719
1 0.270129 0.675947 0.081320 0.160356
1 0.205314 0.618597 0.059581 0.163697
1 0.381240 0.662027 0.070048 0.150334
1 0.495169 0.642539 0.095008 0.178174
1 0.601449 0.662027 0.078905 0.150334
1 0.927134 0.629176 0.103865 0.193764
1 0.756441 0.660356 0.084541 0.162584
0 0.502415 0.508352 0.066023 0.050111
0 0.642512 0.540646 0.054750 0.059020
0 0.752818 0.533964 0.059581 0.070156
0 0.268116 0.547884 0.056361 0.064588
0 0.383253 0.538976 0.051530 0.055679
0 0.917874 0.466036 0.059581 0.065702
