1 0.066023 0.456946 0.128824 0.309989
1 0.192432 0.602181 0.112721 0.203215
1 0.294686 0.582664 0.098229 0.194030
1 0.401771 0.587256 0.115942 0.205511
1 0.526570 0.621125 0.095008 0.208955
1 0.634058 0.603904 0.065217 0.211251
1 0.690821 0.628014 0.082126 0.179104
1 0.759662 0.696326 0.110306 0.253731
1 0.884863 0.688289 0.111111 0.308840
1 0.966184 0.739380 0.067633 0.388060
0 0.103060 0.211825 0.099839 0.106774
0 0.210548 0.425947 0.058776 0.071183
0 0.302335 0.446613 0.050725 0.061998
0 0.379630 0.452354 0.058776 0.075775
0 0.522544 0.461538 0.062802 0.061998
0 0.630837 0.429966 0.071659 0.070034
0 0.873591 0.431688 0.119163 0.110218
0 0.743961 0.490815 0.074074 0.086108
