1 0.088567 0.461369 0.136876 0.240618
1 0.227456 0.449227 0.082931 0.174393
1 0.305556 0.420530 0.090982 0.192053
1 0.400966 0.433223 0.099839 0.206402
1 0.486715 0.488411 0.070048 0.206402
1 0.657810 0.449227 0.104670 0.229581
1 0.785829 0.467991 0.123994 0.253863
1 0.907810 0.557395 0.147343 0.328918
0 0.083736 0.261038 0.077295 0.067329
0 0.230274 0.312362 0.057971 0.052980
0 0.301932 0.274834 0.059581 0.055188
0 0.401369 0.279801 0.053945 0.047461
0 0.494767 0.314570 0.061997 0.059603
0 0.569243 0.304636 0.057971 0.072848
0 0.653382 0.282009 0.063607 0.058499
0 0.791063 0.269316 0.086151 0.075055
0 0.902174 0.317881 0.087762 0.081678
