1 0.062399 0.584076 0.078100 0.150334
1 0.149356 0.551225 0.086151 0.149220
1 0.224235 0.597439 0.065217 0.123608
1 0.297101 0.548441 0.067633 0.121381
1 0.371578 0.604677 0.061997 0.146993
1 0.435990 0.603007 0.074879 0.143653
1 0.502818 0.608575 0.076490 0.177060
1 0.569243 0.625278 0.075684 0.190423
1 0.651369 0.595212 0.082126 0.139198
1 0.764090 0.577951 0.078905 0.133630
1 0.876409 0.541759 0.071659 0.139198
1 0.933172 0.597996 0.103060 0.180401
0 0.071659 0.458797 0.046699 0.051225
0 0.153784 0.442094 0.046699 0.044543
0 0.300322 0.440980 0.043478 0.046771
0 0.378824 0.489978 0.045894 0.040089
0 0.226248 0.491648 0.040258 0.041203
0 0.465781 0.456570 0.039452 0.053452
0 0.503623 0.483296 0.052335 0.048998
0 0.571256 0.494989 0.042673 0.050111
0 0.650161 0.474388 0.045894 0.051225
0 0.754026 0.455457 0.045894 0.057906
0 0.871176 0.426503 0.051530 0.055679
0 0.929549 0.454900 0.055556 0.052339
