0 0.178125 0.216406 0.078125 0.095312
0 0.697656 0.585156 0.082812 0.104688
0 0.614844 0.546094 0.073438 0.082812
0 0.503125 0.535156 0.071875 0.092188
0 0.414062 0.552344 0.062500 0.092188
0 0.361719 0.283594 0.060937 0.064062
0 0.308594 0.207031 0.054688 0.076563
0 0.482812 0.273438 0.046875 0.075000
0 0.538281 0.261719 0.057813 0.067187
0 0.619531 0.230469 0.070312 0.095312
0 0.706250 0.262500 0.068750 0.087500
0 0.796875 0.255469 0.087500 0.107813
0 0.924219 0.238281 0.073438 0.107813
1 0.178125 0.430469 0.106250 0.251563
1 0.364063 0.465625 0.103125 0.231250
1 0.542188 0.425781 0.084375 0.192188
1 0.920312 0.517188 0.121875 0.337500
1 0.806250 0.506250 0.115625 0.325000
1 0.503906 0.726562 0.092188 0.196875
1 0.631250 0.425000 0.100000 0.200000
