1 0.220000 0.578000 0.120000 0.280000
1 0.379333 0.521000 0.124000 0.242000
1 0.507333 0.580000 0.121333 0.292000
1 0.670667 0.626000 0.117333 0.232000
1 0.819333 0.653000 0.118667 0.294000
1 0.934667 0.519000 0.128000 0.278000
1 0.080000 0.528000 0.112000 0.252000
0 0.059333 0.338000 0.078667 0.068000
0 0.225333 0.365000 0.077333 0.074000
0 0.398000 0.311000 0.076000 0.098000
0 0.491333 0.369000 0.076000 0.078000
0 0.664667 0.420000 0.086667 0.088000
0 0.798000 0.421000 0.092000 0.094000
0 0.932000 0.333000 0.088000 0.098000
