1 0.145313 0.500000 0.106250 0.218750
1 0.248438 0.560156 0.096875 0.220312
1 0.341406 0.575781 0.089063 0.207813
1 0.519531 0.603906 0.079687 0.217188
1 0.685937 0.567969 0.093750 0.192188
1 0.764844 0.552344 0.095312 0.204687
1 0.864062 0.525781 0.103125 0.210938
0 0.155469 0.328125 0.064062 0.062500
0 0.246875 0.394531 0.065625 0.057813
0 0.432812 0.407031 0.071875 0.051562
0 0.522656 0.432812 0.060937 0.059375
0 0.675781 0.408594 0.054688 0.048438
0 0.754687 0.386719 0.062500 0.060937
0 0.855469 0.364063 0.057813 0.065625
