0 0.032031 0.264844 0.057813 0.067187
0 0.115625 0.321094 0.059375 0.076563
0 0.203906 0.239063 0.057813 0.081250
0 0.277344 0.300000 0.054688 0.078125
0 0.351562 0.214062 0.065625 0.068750
0 0.442188 0.242188 0.059375 0.071875
0 0.514844 0.239844 0.060937 0.073438
0 0.598437 0.271875 0.056250 0.078125
0 0.700000 0.225000 0.062500 0.071875
0 0.771875 0.157031 0.065625 0.089063
0 0.937500 0.188281 0.090625 0.110937
1 0.039844 0.496875 0.076563 0.262500
1 0.207031 0.460156 0.092188 0.282813
1 0.443750 0.458594 0.093750 0.270313
1 0.609375 0.478906 0.081250 0.245312
1 0.942969 0.508594 0.114062 0.342187
