1 0.062802 0.537705 0.104670 0.212022
1 0.150161 0.577596 0.123188 0.202186
1 0.289050 0.575956 0.099839 0.183607
1 0.404187 0.534426 0.106280 0.181421
1 0.530596 0.597268 0.098229 0.182514
1 0.667874 0.551913 0.099034 0.172678
1 0.760467 0.529508 0.086151 0.175956
1 0.835346 0.570492 0.094203 0.205464
1 0.930757 0.568852 0.133655 0.217486
0 0.086151 0.379781 0.059581 0.057923
0 0.161433 0.422404 0.049114 0.055738
0 0.297907 0.437705 0.054750 0.046995
0 0.402174 0.392896 0.053945 0.060109
0 0.526973 0.452459 0.053945 0.050273
0 0.671498 0.415301 0.053140 0.056831
0 0.758052 0.400000 0.049114 0.056831
0 0.836554 0.411475 0.057971 0.060109
0 0.928744 0.412568 0.070048 0.068852
0 0.595813 0.463388 0.045089 0.052459
