0 0.081320 0.365233 0.075684 0.054434
0 0.169887 0.369622 0.059581 0.040386
0 0.280998 0.374451 0.051530 0.039508
0 0.495572 0.370500 0.057166 0.040386
0 0.565620 0.365672 0.049114 0.039508
0 0.654589 0.344601 0.051530 0.035996
0 0.723430 0.362160 0.045894 0.041264
0 0.803543 0.351624 0.056361 0.046532
0 0.871176 0.346356 0.062802 0.039508
1 0.088164 0.512291 0.111916 0.183494
1 0.173510 0.484197 0.094203 0.143108
1 0.292271 0.491659 0.096618 0.151010
1 0.393720 0.494293 0.085346 0.136962
1 0.721417 0.487709 0.091787 0.144864
1 0.963768 0.475417 0.072464 0.194030
